585123039
585123268
585123446
585124469
0585125350
0585125694
0585126208
0585127832
0585128081
0585128642
585128855
0585129070
0585132615
1505757819
1585123056
1585123323
1585123323
1585123412
1585123609
1585123749
1585124486
1585124885
1585124885
1585125521
1585127248
1585127507
1585127515
1585128104
1585128112
1585128465
1585129101
1585129801
1585132161
1585132217
1585132608
1585134104
1585134147
1585134694
1585134708
1585138011
2585125408
2585125548
2585125718
2585126781
2585127061
2585127087
2585127885
2585127966
2585128318
2585128881
2585129136
2585129837
2585131769
2585132293
2585132315
2585134725
3503580964
3585123112
3585123481
3585123643
3585123775
3585124518
3585125425
3585125565
3585125743
3585125760
3585128335
3585129161
3585132171
3585132235
3585132243
3585132634
3585132812
4101275599
4101276706
4101276820
4585123351
4585125582
4585125914
4585125931
4585126660
4585127313
4585127321
4585127925
4585127933
4585128344
4585128506
4585128921
4585129189
4585129201
4585129863
4585132384
4585132848
4585132881
4585134182
4585134191 
4585137891 
4585137921 
5585123173
5585123807
5585124382
5585125257
5585125273
5585127128
5585127136
5585128183
5585128523
5585128949
5585132008
5585132652
5585134779
5585134795
6585016165
6585016181
6585112245
6585114264
6585123191
6585125606
6585125797
6585125959
6585125975
6585126505
6585127153
6585127722
6585127731
6585128559
6585131991
6585132114
6585132149
6585132904
6585134001
6585134117
6585134583
6585134681
7585122977
7585123213
7585123396
7585125640
7585127758
7585127766
7585128011
7585128584
7585128797
7585128983
7585132565
7585132689
7585132930
7585133138
7585138857
8585122994
8585123567
8585124423
8585126884
8585127180
8585127406
8585127449
8585128038
8585128071
8585128615
8585129018
8585129549
8585131641
8585131918
8585132027
8585132574
8585132965
8585137959
9585123011
9585123584
9585123711
9585124441
9585125331
9585126575
9585127202
9585127474
9585127482
9585128837
9585129035
9585129574
9585131676
9585131951
9585132150
9585132192
9585132478
9585132583
9585134268
9585134276 